DensityID	probA	probB	probC	probD
1210	0.25	0.25	0.25	0.25
1200	0.56583	0.31027	0.08935	0.03455
1230	0.30626	0.39897	0.2124	0.08237
11210	0.37305	0.44842	0.13592	0.04262
11200	0.42925	0.44511	0.09629	0.02936
11230	0.21052	0.51864	0.20742	0.06342
21210	0.38206	0.48356	0.10549	0.02889
21200	0.43345	0.47325	0.07368	0.01962
21230	0.25	0.25	0.25	0.25
31210	0.41809	0.44687	0.10608	0.02896
31200	0.47176	0.43498	0.07369	0.01956
31230	0.25	0.25	0.25	0.25
41210	0.25	0.25	0.25	0.25
41200	0.48954	0.42311	0.07248	0.01487
41230	0.25	0.25	0.25	0.25
51210	0.25	0.25	0.25	0.25
51200	0.26451	0.60495	0.10772	0.02282
51230	0.25	0.25	0.25	0.25
2210	0.03772	0.25208	0.38395	0.32624
2200	0.25	0.25	0.25	0.25
2230	0.01538	0.21062	0.42328	0.35073
12210	0.02647	0.33446	0.38269	0.25639
12200	0.03759	0.40978	0.33464	0.21799
12230	0.01092	0.28291	0.42712	0.27905
22210	0.03157	0.42006	0.34594	0.20243
22200	0.04336	0.49769	0.29252	0.16643
22230	0.01337	0.36452	0.39609	0.22602
32210	0.03549	0.39875	0.35732	0.20844
32200	0.049	0.47495	0.30376	0.17229
32230	0.25	0.25	0.25	0.25
42210	0.25	0.25	0.25	0.25
42200	0.05394	0.49015	0.31698	0.13893
42230	0.25	0.25	0.25	0.25
52210	0.01485	0.41388	0.38982	0.18145
52200	0.02061	0.49553	0.3331	0.15076
52230	0.25	0.25	0.25	0.25
210	0.25	0.25	0.25	0.25
200	0.25	0.25	0.25	0.25
230	0.19018	0.49238	0.24172	0.07572
10210	0.23664	0.56532	0.15801	0.04002
10200	0.25	0.25	0.25	0.25
10230	0.12274	0.60091	0.22161	0.05474
20210	0.24194	0.60855	0.12243	0.02708
20200	0.28182	0.6115	0.0878	0.01888
20230	0.25	0.25	0.25	0.25
30210	0.27088	0.57539	0.12595	0.02778
30200	0.31445	0.57622	0.09002	0.0193
30230	0.25	0.25	0.25	0.25
40210	0.25	0.25	0.25	0.25
40200	0.25	0.25	0.25	0.25
40230	0.25	0.25	0.25	0.25
50210	0.12996	0.68477	0.15755	0.02772
50200	0.15578	0.70806	0.11627	0.01989
50230	0.25	0.25	0.25	0.25
1110	0.25	0.25	0.25	0.25
1100	0.25	0.25	0.25	0.25
1130	0.12301	0.38378	0.37451	0.1187
11110	0.16983	0.48892	0.27164	0.06961
11100	0.21215	0.52687	0.20892	0.05206
11130	0.08126	0.47944	0.35146	0.08783
21110	0.18134	0.54966	0.2198	0.0492
21100	0.22107	0.57805	0.16498	0.0359
21130	0.08924	0.5544	0.29251	0.06385
31110	0.20316	0.52006	0.22629	0.05049
31100	0.24735	0.54622	0.16962	0.0368
31130	0.10087	0.5292	0.30382	0.06611
41110	0.21564	0.51744	0.22766	0.03925
41100	0.26117	0.54061	0.16976	0.02846
41130	0.25	0.25	0.25	0.25
51110	0.25	0.25	0.25	0.25
51100	0.11662	0.63878	0.2085	0.0361
51130	0.25	0.25	0.25	0.25
2110	0.01079	0.17262	0.48193	0.33467
2100	0.25	0.25	0.25	0.25
2130	0.00423	0.13872	0.511	0.34605
12110	0.00772	0.23371	0.49017	0.2684
12100	0.01149	0.30011	0.44922	0.23917
12130	0.00306	0.19007	0.52599	0.28087
22110	0.00962	0.30648	0.46265	0.22125
22100	0.01391	0.38245	0.41204	0.1916
22130	0.00389	0.25407	0.50604	0.236
32110	0.01073	0.28878	0.47434	0.22615
32100	0.01561	0.36248	0.42493	0.19698
32130	0.00432	0.23849	0.51687	0.24031
42110	0.25	0.25	0.25	0.25
42100	0.0173	0.37651	0.44631	0.15987
42130	0.25	0.25	0.25	0.25
52110	0.00441	0.29427	0.50804	0.19328
52100	0.00642	0.36964	0.45546	0.16848
52130	0.25	0.25	0.25	0.25
110	0.15082	0.4563	0.31119	0.0817
100	0.25	0.25	0.25	0.25
130	0.07038	0.43639	0.39269	0.10053
10110	0.09747	0.55767	0.28571	0.05914
10100	0.1234	0.60907	0.22271	0.04482
10130	0.04494	0.52694	0.35621	0.07191
20110	0.10366	0.62445	0.23027	0.04163
20100	0.12813	0.66584	0.17523	0.0308
20130	0.04899	0.60484	0.29428	0.05188
30110	0.1177	0.59876	0.24025	0.0433
30100	0.14565	0.63922	0.18305	0.03208
30130	0.05581	0.58194	0.30809	0.05415
40110	0.12542	0.59812	0.24267	0.0338
40100	0.15465	0.63619	0.18422	0.02495
40130	0.25	0.25	0.25	0.25
50110	0.05075	0.64036	0.27006	0.03884
50100	0.06402	0.69689	0.20976	0.02933
50130	0.25	0.25	0.25	0.25
1210	0.19232	0.37948	0.35639	0.07181
1200	0.24591	0.41857	0.28055	0.05497
1230	0.09059	0.36631	0.45391	0.08919
11210	0.1285	0.47948	0.33828	0.05374
11200	0.16421	0.52855	0.26613	0.04111
11230	0.05928	0.45334	0.422	0.06538
21210	0.13888	0.54562	0.27706	0.03844
21200	0.17292	0.58604	0.21239	0.02866
21230	0.06589	0.53054	0.35546	0.0481
31210	0.15614	0.51804	0.28623	0.0396
31200	0.19445	0.55655	0.21947	0.02952
31230	0.07448	0.50647	0.36923	0.04981
41210	0.25	0.25	0.25	0.25
41200	0.2056	0.5516	0.21994	0.02286
41230	0.25	0.25	0.25	0.25
51210	0.25	0.25	0.25	0.25
51200	0.08805	0.62507	0.25908	0.02781
51230	0.25	0.25	0.25	0.25
2210	0.00788	0.16341	0.57931	0.24941
2200	0.01203	0.21527	0.54469	0.22801
2230	0.00307	0.13046	0.61026	0.25621
12210	0.00555	0.21773	0.57987	0.19685
12200	0.00831	0.28108	0.53427	0.17635
12230	0.00219	0.17575	0.61761	0.20445
22210	0.0069	0.28495	0.54621	0.16194
22200	0.01006	0.35835	0.49026	0.14133
22230	0.00277	0.23407	0.592	0.17116
32210	0.00768	0.26803	0.55905	0.16524
32200	0.01127	0.33902	0.50467	0.14504
32230	0.25	0.25	0.25	0.25
42210	0.25	0.25	0.25	0.25
42200	0.01233	0.34783	0.52357	0.11627
42230	0.25	0.25	0.25	0.25
52210	0.25	0.25	0.25	0.25
52200	0.00456	0.3405	0.53276	0.12218
52230	0.25	0.25	0.25	0.25
210	0.11274	0.44209	0.38286	0.06231
200	0.14696	0.49714	0.30727	0.04863
230	0.05082	0.40842	0.46669	0.07407
10210	0.07216	0.53507	0.3481	0.04467
10200	0.09313	0.59574	0.27661	0.03452
10230	0.03239	0.49222	0.42252	0.05288
20210	0.07768	0.6065	0.28399	0.03183
20200	0.09774	0.65829	0.22	0.02398
20230	0.03575	0.57213	0.35348	0.03864
30210	0.08827	0.58204	0.29655	0.03314
30200	0.11134	0.63333	0.2303	0.02502
30230	0.25	0.25	0.25	0.25
40210	0.25	0.25	0.25	0.25
40200	0.11824	0.63047	0.23182	0.01946
40230	0.25	0.25	0.25	0.25
50210	0.25	0.25	0.25	0.25
50200	0.04769	0.67285	0.25717	0.0223
50230	0.25	0.25	0.25	0.25
1211	0.29447	0.31063	0.20239	0.19251
1201	0.36704	0.334	0.15532	0.14365
1231	0.25	0.25	0.25	0.25
11211	0.21261	0.42411	0.20759	0.15569
11201	0.26593	0.45763	0.15986	0.11658
11231	0.10352	0.42323	0.27334	0.19991
21211	0.23121	0.48564	0.17109	0.11207
21201	0.28109	0.5093	0.12805	0.08156
21231	0.25	0.25	0.25	0.25
31211	0.25656	0.45508	0.17445	0.11392
31201	0.31108	0.476	0.13023	0.08269
31231	0.25	0.25	0.25	0.25
41211	0.2753	0.45775	0.17743	0.08953
41201	0.33049	0.47404	0.13114	0.06434
41231	0.25	0.25	0.25	0.25
51211	0.12351	0.54344	0.21896	0.11409
51201	0.15528	0.58937	0.16948	0.08587
51231	0.25	0.25	0.25	0.25
2211	0.01055	0.11698	0.28772	0.58475
2201	0.25	0.25	0.25	0.25
2231	0.25	0.25	0.25	0.25
12211	0.00814	0.17075	0.31551	0.50559
12201	0.01248	0.2258	0.29776	0.46396
12231	0.0032	0.13753	0.3353	0.52397
22211	0.01069	0.23604	0.31392	0.43935
22201	0.01594	0.30364	0.2882	0.39221
22231	0.25	0.25	0.25	0.25
32211	0.01186	0.22125	0.32017	0.44672
32201	0.01778	0.28603	0.29541	0.40078
32231	0.25	0.25	0.25	0.25
42211	0.01396	0.24402	0.35706	0.38496
42201	0.02069	0.31197	0.3258	0.34154
42231	0.25	0.25	0.25	0.25
52211	0.0051	0.23607	0.35906	0.39976
52201	0.00763	0.30435	0.33038	0.35765
52231	0.25	0.25	0.25	0.25
211	0.18783	0.39379	0.2366	0.18178
201	0.25	0.25	0.25	0.25
231	0.25	0.25	0.25	0.25
10211	0.12758	0.50581	0.2283	0.13831
10201	0.16206	0.55424	0.17854	0.10517
10231	0.05944	0.48299	0.28764	0.16993
20211	0.13797	0.57593	0.1871	0.099
20201	0.17049	0.61393	0.14234	0.07323
20231	0.25	0.25	0.25	0.25
30211	0.15555	0.54836	0.19384	0.10224
30201	0.19225	0.58462	0.14749	0.07565
30231	0.25	0.25	0.25	0.25
40211	0.16759	0.55379	0.19794	0.08068
40201	0.20551	0.58582	0.14944	0.05923
40231	0.25	0.25	0.25	0.25
50211	0.25	0.25	0.25	0.25
50201	0.08801	0.66389	0.17605	0.07205
50231	0.25	0.25	0.25	0.25
1111	0.1125	0.28421	0.33943	0.26387
1101	0.15525	0.33835	0.2884	0.218
1131	0.04873	0.2523	0.39757	0.3014
11111	0.07879	0.37644	0.33774	0.20702
11101	0.10714	0.44158	0.28275	0.16852
11131	0.03412	0.33405	0.39545	0.23638
21111	0.09076	0.45657	0.29483	0.15784
21101	0.11933	0.51781	0.23864	0.12422
21131	0.25	0.25	0.25	0.25
31111	0.10177	0.43233	0.30378	0.16213
31101	0.13412	0.4915	0.24648	0.12791
31131	0.0455	0.39612	0.36725	0.19114
41111	0.11138	0.44353	0.31513	0.12996
41101	0.14544	0.49962	0.25335	0.10159
41131	0.25	0.25	0.25	0.25
51111	0.04418	0.46556	0.34383	0.14643
51101	0.05929	0.53898	0.28409	0.11764
51131	0.25	0.25	0.25	0.25
2111	0.25	0.25	0.25	0.25
2101	0.00461	0.10573	0.3402	0.54945
2131	0.00111	0.06023	0.3583	0.58037
12111	0.00225	0.11309	0.38302	0.50164
12101	0.00354	0.15341	0.37082	0.47223
12131	0.00087	0.0894	0.3995	0.51024
22111	0.00303	0.16013	0.39034	0.4465
22101	0.00467	0.21291	0.37042	0.412
22131	0.25	0.25	0.25	0.25
32111	0.00334	0.14926	0.39591	0.45148
32101	0.00517	0.19928	0.37725	0.4183
32131	0.0013	0.11901	0.41651	0.46318
42111	0.00394	0.16476	0.44191	0.38939
42101	0.00604	0.21825	0.41777	0.35794
42131	0.25	0.25	0.25	0.25
52111	0.00143	0.15788	0.44017	0.40053
52101	0.0022	0.21005	0.41795	0.3698
52131	0.25	0.25	0.25	0.25
111	0.06657	0.33422	0.36808	0.23113
101	0.25	0.25	0.25	0.25
131	0.02825	0.29069	0.4224	0.25866
10111	0.04497	0.42693	0.35322	0.17488
10101	0.06114	0.50079	0.2957	0.14236
10131	0.01925	0.37452	0.40884	0.1974
20111	0.05122	0.51203	0.3049	0.13185
20101	0.06743	0.58152	0.24714	0.10391
20131	0.25	0.25	0.25	0.25
30111	0.0579	0.48883	0.31673	0.13654
30101	0.07655	0.55754	0.25783	0.10808
30131	0.25	0.25	0.25	0.25
40111	0.25	0.25	0.25	0.25
40101	0.08296	0.5664	0.26485	0.08579
40131	0.25	0.25	0.25	0.25
50111	0.02433	0.50941	0.34692	0.11934
50101	0.03249	0.58686	0.28525	0.09541
50131	0.25	0.25	0.25	0.25
1211	0.08596	0.28146	0.42686	0.20572
1201	0.12027	0.33972	0.3677	0.17231
1231	0.03643	0.24447	0.48919	0.22991
11211	0.05907	0.3658	0.41675	0.15837
11201	0.08137	0.43464	0.35341	0.13058
11231	0.0251	0.31856	0.47887	0.17746
21211	0.0683	0.44533	0.36517	0.1212
21201	0.09109	0.51232	0.29983	0.09676
21231	0.25	0.25	0.25	0.25
31211	0.07666	0.4221	0.37662	0.12461
31201	0.10259	0.48728	0.3103	0.09983
31231	0.25	0.25	0.25	0.25
41211	0.08327	0.42981	0.38778	0.09914
41201	0.11072	0.49296	0.31742	0.07891
41231	0.25	0.25	0.25	0.25
51211	0.03242	0.44274	0.41521	0.10963
51201	0.04407	0.5192	0.34751	0.08921
51231	0.01378	0.38584	0.47744	0.12293
2211	0.0023	0.07906	0.45259	0.46606
2201	0.00366	0.10857	0.44361	0.44417
2231	0.00088	0.06191	0.46763	0.46959
12211	0.00174	0.11353	0.48827	0.39645
12201	0.00274	0.1536	0.47146	0.37221
12231	0.00067	0.08948	0.50778	0.40206
22211	0.00231	0.1586	0.49094	0.34815
22201	0.00356	0.21055	0.46515	0.32074
22231	0.0009	0.12633	0.51596	0.35681
32211	0.00255	0.14778	0.49776	0.3519
32201	0.00394	0.19699	0.47354	0.32552
32231	0.25	0.25	0.25	0.25
42211	0.00293	0.15911	0.54191	0.29604
42201	0.0045	0.21083	0.51246	0.27221
42231	0.25	0.25	0.25	0.25
52211	0.00106	0.1528	0.54096	0.30517
52201	0.00164	0.20322	0.51348	0.28165
52231	0.00041	0.1213	0.56659	0.3117
211	0.04962	0.32294	0.45163	0.17581
201	0.06975	0.39154	0.39079	0.14792
231	0.02071	0.27619	0.50963	0.19347
10211	0.03311	0.40744	0.42805	0.13139
10201	0.04555	0.48361	0.36261	0.10822
10231	0.01396	0.35202	0.48796	0.14606
20211	0.0379	0.49115	0.37138	0.09956
20201	0.05055	0.56503	0.30493	0.07949
20231	0.25	0.25	0.25	0.25
30211	0.04282	0.46859	0.38555	0.10304
30201	0.05739	0.54178	0.31815	0.08268
30231	0.25	0.25	0.25	0.25
40211	0.25	0.25	0.25	0.25
40201	0.06189	0.54764	0.32517	0.0653
40231	0.25	0.25	0.25	0.25
50211	0.01766	0.47937	0.41456	0.08841
50201	0.02389	0.55931	0.34521	0.07158
50231	0.25	0.25	0.25	0.25
