proj:       0
zone:       0
north:      5329836.68099998
south:      5212336.68099998
east:       286541.57829998
west:       222491.57829999
cols:       1281
rows:       2350
e-w resol:  49.99999999
n-s resol:  50
format:     3
compressed: 1
