proj:       0
zone:       0
north:      5329836.68099998
south:      5212336.68099998
east:       286541.57789999
west:       222491.57800000
cols:       1281
rows:       2350
e-w resol:  50
n-s resol:  50
format:     0
compressed: 1
